msgId,started,tubleStarted,tcount,tokennizerThreadID,tid,tokenizerTT,tokenizerAT,gcount,gazetteerThreadID,gid,gazetteerTT,gazetteerAT,acount,annotationThreadID,aid,annotationTT,annotationAT,tupleEnded,tupleConsumed,avarageTime
1,524042524529090,524042536821285,1,131,131,22705279,23690336,1,119,119,1020887,692999525,1,125,125,295224,767322676,524043326640690,789819405,802111600
2,524042524529090,524042543902816,2,131,131,3822335,16170753,2,119,119,693884,350522161,2,125,125,323789,387291048,524043334112152,790209336,404791531
3,524042524529090,524042544053257,3,131,131,2889031,11919957,3,119,119,827353,234839032,3,125,125,133818,259249793,524043337958234,793904977,271143048
4,524042524529090,524042544123239,4,131,131,4142912,10120165,4,119,119,2101767,177636351,4,125,125,145133,196059452,524043345168834,801045595,205159936
5,524042524529090,524042544191545,5,131,131,2186417,8812757,5,119,119,1957054,142875308,5,125,125,125507,157574090,524043347289669,803098124,164552115
6,524042524529090,524042544281013,6,131,131,2987091,7960824,6,119,119,1328263,119519305,6,125,125,130186,131816376,524043350620384,806339371,137681882
7,524042524529090,524042544351833,7,131,131,2585775,7300278,7,119,119,1788524,102975691,7,125,125,146181,113462459,524043353906748,809554915,118482522
8,524042524529090,524042544418603,8,131,131,3064336,6827619,8,119,119,1944203,90537556,8,125,125,155958,99695328,524043357227057,812808454,104087245
9,524042524529090,524042544492566,9,131,131,2219522,6565155,9,119,119,1991766,80974872,9,125,125,158473,89107393,524043361598493,817105927,93007711
